0.0326088258960091
0.0119870201446872
-0.0129658874648388
-0.00461378537833212
-0.0107348817781361
-0.0131023900121683
-0.0246322049995733
0.00371048086137193
-0.00110904582805738
-0.0012527715282431
0.0181948090930852
0.0173546522686188
0.00483207309776468
-0.0141008959242352
-0.00275643223844924
-0.0039262873792687
0.0104094713869305
0.0115843153031232
0.0159151260574273
0.0134183684054836
-0.000450092614151743
0.0194714150995647
-0.000154541420720022
-0.00441006508895825
-0.0032274680197073
0.0093427890399802
-0.00383151961539419
0.00860530217211952
-0.00135219994525393
-0.00951029202154174
0.00288979462135863
0.00290131115707482
0.0200509174068113
-0.0034115984028471
-0.00665310077271997
0.000425573248122646
0.00601066235316061
-0.0013260687266694
0.0214915572526504
-0.00187226926854223
-0.000408961371631378
0.0185241295443674
-0.00461156809569374
-0.0146243826112915
-0.00301059057702879
0.0182839740333787
0.0137997936198033
0.00481970459216008
0.00209786759500297
-0.00489431019835251
0.00691390070056386
0.00682158092859986
0.00818560120457157
-0.00758238990133897
0.00839081208724046
0.0190599732744303
-0.00616944106829287
0.0099658709741135
0.00978149918307381
-0.0167861397706233
0.00750803356548246
0.000589930359948809
0.00538205749968768
0.00744682213122161
0.0084717101645051
0.0144308844743808
0.0172774459882952
-0.00679835494335457
-0.00800229664613283
0.00848808453584304
0
0
0.0104361995603206
-0.0016294998953903
-0.0124426489880616
0.00633924304524847
0.015147626828087
-0.00633110159542483
-0.0115141716461444
-0.00940162104559761
-0.0227068684579326
-0.0279328665196577
0.0213918351340823
-0.00531258728889661
0.0304971901616025
0
0.0182480122534141
-0.0211197793116948
0.00732453168871672
-0.0191251630902052
0.0202623002282571
0.0147167833684616
-0.00768168393154056
0.0120172123378151
0.00039456175310093
0.00745246960286927
-0.0131346370552929
0.0180520560479476
0.0134199326596658
0
0.00283937282758195
0.0111970889292348
0.00844529985340081
-0.0311564919828164
0.00737730969843575
0.00897121527475164
0
0.00481832610652155
0.0100836099518986
-0.00623167998625718
0.0210720295283462
0.0108237822451205
-0.00229741589975774
0.004398179040221
0
-0.0293760012613866
-0.00893645056100745
0.00722491415962168
0.0213162321029703
-0.0092612044006497
-0.00805890311159452
0.000688963243877794
0.0175901415545052
0.00625352128202827
0.0175343277308126
-0.00276086083505156
0.0107149146736276
-0.0156089164091586
0.0116880181923715
-0.000907270582883868
0.00948888854977348
-0.00325786547832507
0.00567549270795276
0.00717148962997527
-0.00300339750862477
6.66551131374149e-05
0.00367082756239867
0.0129632559862003
0.000688073421642343
0.000311115844036536
0.00894156815606628
0.00376226762616128
-0.000321741220977501
-0.0167942368131921
-0.00615098273901893
-0.000536228538882355
-0.0313150591650668
0.00224708268248897
-0.00663120383875437
0.0132238036365191
-0.0076720024967134
-0.0149217633079406
-0.00968938450300172
-0.0183408811923265
-0.0155528317419424
0.0126187588322981
-0.0249390114975139
-0.0325073452905276
0.018957309767675
-0.00594119958681993
0.0219221522901787
-0.00764554534626249
0.0308375395619844
-3.92714082781964e-05
-0.0207732638508062
-0.0554886199394851
0.0120223815386513
0.0288282797768105
-0.0299253182641301
-0.0457939636168057
-0.0174939788858843
-0.0235235369986952
0.00923129948223789
0.0188920607025231
-0.0310686987432298
0.0140427266998557
0.0164660508624124
0.029854747214662
-0.027290172063422
-0.044199973868345
0.00223188528959994
0.0287867508502888
-0.00860953469295467
0.0042411728221019
-0.0511941326283907
-0.00122346649648186
-0.0406654651147793
0.0244995765742146
0.0374777338123202
-0.0239172344621092
-0.0058570702741374
0.0201151895003235
-0.0166485663965279
-0.0375230594833962
-0.0789310636625462
-0.0185636707986667
-0.0120948122191695
0.0525844556751043
-0.0293928099837419
-0.0510503786307304
0.0284755172971316
0.0723632691737564
-0.00434265616926588
0.0273618624285881
0.00468803995519984
0.0174887876008594
-0.000658064106653811
0.0420226580636918
-0.0268302647737801
-0.0190195266052413
0.00701270015026445
0.0219013684528999
0.0222544742336801
-0.0256491422704794
0.00122839781810313
0.0261895254044529
0.0151227936179641
-0.0112229172879719
0.0352409751430205
-0.0171523982843151
0.00300884869490403
-0.00989340620103718
-0.0171631495522195
0.00510938974421116
-0.0127108256897142
-0.000449961201129057
0.0301118453827627
-0.0141877991458426
-0.00374773637171266
0.0220913260776001
0.0217645092371939
0.0227627949865514
-0.0140236087998904
0
0.0226399613391983
0.0178391777051683
-0.0261311731105014
-0.0508018796360776
-0.0136955239803171
0.0210285620377082
-0.00199269964328153
-0.0171341024288001
-0.00275310481275071
-0.00673861018337796
-0.00563320159253777
-0.023339744502362
0.00444529123408444
0.00141027685818429
0.0252896875810382
0.00963394701257414
-0.0139104367213463
0.033702249233567
0.0108736030665977
0.0201161367916303
0
0
0.0122830993439731
0.00317936947906361
-0.00986416313262239
0
0
0.0551352465931654
-0.00510719081028732
0.0335329013876073
-0.0180176369820959
0.00462850599825693
-0.0195625671828115
-0.0134461911544879
0
-0.0581178455621387
0.0143838422282467
0.0205108761148427
-0.007592495421191
0.0310119033145355
-0.00650543768712275
-0.0305263949021377
-0.00392526112186786
0.00252257941247613
0.00737497615272531
0.00844345543178626
0.0193667235591946
0.0113841202810558
-0.0143497375587209
-0.0146038390589727
-0.00567216718751595
0.00712688423072194
-0.00887500505099403
-0.0407544551776358
-0.0075801913134157
0.0114114874867841
0.00562154166819617
-0.0015921210758858
0.00125919113617812
-0.0153756864443277
0.0104566701567759
-0.00986768336291632
0.0132717972007388
0.0252328973680083
0.00907373896080088
-0.0280147098992458
-0.00297072962613676
-0.0257970750892671
0.00391984972893411
-0.0273237116695189
0.0115364475477389
0.0247035095864128
-0.010253156606927
-0.000200377796305773
-0.0126927544223641
0.0116275736168774
0.0500673506071312
0.0024160523312311
0.0094137752434662
-0.00558231501878836
-0.00729555453374076
0.0163721003776782
-0.0146047868597368
-0.033155420987141
-0.0151350349000534
0.0137625682514866
-0.013291583801939
0.013990380051121
-0.00535825376777588
0.00495958867404944
0.00748231210846129
0
0
0.0242774980662279
0.000991092192988319
0.00802579045456575
0.0129705945570393
0.00652918845006312
0.0110982138419242
-0.00738767744878999
0.000570521039946925
-0.00903929025270322
0.0210446594366278
-0.0291681428951485
0.0144325059058978
0.00981914618685842
-0.00744156074654079
0.0155363022340893
0.0179975950426066
-0.00225611780480151
-0.00555651695939297
0.00699773529950498
0.00424064688158055
-0.001081722162386
-0.0154004591639474
-0.00371779642458847
0.000176268732563045
-0.00293997560282477
0.00691009994948288
-0.00914981925591185
0
-0.0126047296390031
-0.0158459548611312
0.0113950408971579
0.0101853919499444
0.0057208536260962
0.00201200794178824
0
-0.0169014214718661
0.0033549815019196
-0.0231815747667348
0.00131619341191147
-0.000471420394408284
-0.0114850507926327
0.0058959185025973
0
0.0164872143913204
0.0171678949715481
-0.00306058286188637
0.0102800027777334
-0.00940294639949357
0.0180085838458321
-0.000848167659345478
0.0100410379147746
0.00703795648825256
0.00608252524938635
-0.0145677616007518
0.0242995725702588
3.65726323376947e-05
-0.0128013172734001
-0.0133332698272213
0.00244276819665323
0.00305115973164405
0.000481501397818107
0.00353695872103366
0.0187320027476083
0.00706049788907848
0.0191254202101074
-0.00226364422210779
-0.00435660517304548
0.00332273698826313
0.00566422613358419
0.00231512542106138
-0.0139323676360483
0.00662871647767638
0.00149063041007125
0.000121005053888013
0.000853737107956221
-0.0240115242027024
-0.0141436098242593
-0.0136235403343701
-0.00568557815465631
-0.01981415141905
0.0033976985115256
0.00103312514211318
-0.0344796007853194
0.00975959545788996
0.00540104935447694
-0.00426289916623546
0.00228609522613432
-0.0279127869956586
0.00641112546204781
0.0152175148847444
-0.0171353406588057
0.00375628151093998
0.0212363801852824
0.0177836415359174
0.00719134338243421
0.000534372424645824
-0.00561277614117728
-0.00837456369475298
0.0128897607718681
0.00906399842525651
0.00414832140154253
0.0142295539739141
-0.00203528262990105
0.00573930546618051
-0.00514757136197019
-0.0228382006108738
0.00875534144828372
-0.0242135205846381
0.0277992543479133
0.0119832630868117
-0.00170312803227901
0.0017309025954102
0.00667311353938871
0.00862395588791998
-0.00677716881755863
-0.00837733666170948
-0.00264908183263657
-0.0154816216451525
-9.04946665336581e-05
0.00901664529578561
-0.0130178974815784
-0.00836385930896455
0.0115408560835952
-0.0215608050706368
0.0101879135621807
-0.0232741513326822
0.00322193376142366
0.00276312831056913
-0.00492098813072595
0.0182362709478561
0.015776829016561
0.00966111293161376
0.0122515718869813
-9.22630937516544e-06
-0.00087873467868782
-0.0104039197188346
-0.0118324359238997
-0.0142912285366137
-0.00693163055722401
-0.00540593608397977
0.0269082424028184
-0.0010728986478945
-0.00849145143925156
0.0209848292512298
-0.00699562233564421
0.0127668142984128
-0.00463143764202201
0.0212186605450206
0.0084531172748239
-8.6875312263146e-05
0.00397945949011813
0.00250634369063363
0.0133525972168709
0.00398097875437564
-0.00179726990792162
0.00825030886142386
0.00833953850297142
0.0103840070746966
-0.00195110905038831
0.011714813545094
0.00853617400666273
-0.00668101560714796
0.0135160286452098
0.00099445498796058
-0.023112716650445
-0.000885288201921242
0.000685951853824918
0.0242317152049978
-0.00056713694688959
-0.0116807763503015
0.00121511234373806
0.00639061911802052
0.000566083525914252
0.0301888246433801
0.00375488967732096
0.00269572619380654
-0.00703583374253114
0.000403804266683849
-0.00330060319481795
0.00479342600092991
0.00987244106524088
0.00720733124709305
0.0172645698578808
0.00198657982229733
0.00388924634330579
0.00625444513605622
0.011439796175182
0.0436772619505064
0
0.0080794577449943
0.00352290138384603
-0.000285690965945662
0.0142659818779745
0
-0.0302571061127175
-0.0245646722181867
-0.0129698311788324
-0.0041843354450215
0.0461824325524081
0.0210944546576499
-0.00496064858522161
0.00312372121408089
0.00622550913642606
0.0307529259718962
0.01187365496145
-0.0260680086884353
0.00267172174209662
0.0030442795464829
-0.0170023967588211
-0.00872696877972601
-0.0178076739392292
0.0231855779848082
0.0222434767580637
-0.008388851067755
-0.0332352092124761
0.0309486131319368
0.0170847212399785
0.0251021530004714
0.0122105434504345
-0.020120169154092
0.0341615576355405
0.0104395245748758
0.0104523071919616
-0.012756670358705
0.00435884764633343
-0.0330687877102633
0.0126546298089192
0.0119715978062498
-0.000890835735363638
0.00220913537273404
0.00229102108503021
0.0118941149017129
-0.00761958117830197
0.0127641579218576
-0.0197777396404906
0.00753958486584416
0.0108480632508972
0.0277986726939794
0.00179305710125277
0.00197668083747082
0.0111205422625584
-0.0097147718581887
-0.00475021522416696
0.00336575912238501
-0.0360094554043542
-0.0057091246643175
-0.0312800361808101
0.0226033430932215
0.016602015330534
0.0207229249348604
-0.00822054703593444
-0.00119308894078074
-0.0134046180772494
0.0304159824427472
-0.00504648490783666
0.00498471118245192
-0.00850436450095593
-0.0283545703167434
-0.00596946987517022
-0.0226471075058043
0.0125175356784588
-0.0258578509553775
0.0156246199844645
0.0101534702530248
-0.000698177784418164
-0.00993215875426579
5.50863142230185e-05
0.000804451790715532
-0.0319492200094693
-0.00384531201213001
0.00130008924269731
0.00280576322604809
-0.00817554325325531
0
0
0.0169772875718728
0.0147305899122028
-0.0228355835126344
0.0263658977938341
0
0.0188695430774022
-0.0239737990657254
0.00132487671476333
0.019321494005478
-0.0164312873270802
-0.0173676110162759
-0.0221765306352459
0.0192796962804991
0.00134904857486617
-0.0102500615690015
0.0241543342491628
-0.0218831614676329
-0.00415894615279555
-0.0271776376163739
-0.0109438661988843
0.0021285135540996
-0.0134875109722721
0.0208480992227198
-0.00582590099508096
0.0112262097851232
0.0145164660971844
-0.00134795820234856
0.022680032629486
0.0225938479877179
-0.00416651272885282
-0.00653043866572744
-0.00912051681587123
-0.00685880822659612
0.00157266791325306
-0.00260728627767648
0.00458753402877576
0.0112218471234229
-0.00304096542407173
-0.0272796621921838
0.00940677687733427
0.00394702603844443
-0.0177539114800869
-0.0065594112713967
-0.0104403944476577
0.00667925610584419
0.00309317780181217
0.00100531663531456
-0.0260606726239718
0.00343722543488134
0.00876808023580722
-0.00210021856169895
0.00249818734579854
-0.00152952486617508
0.0144439790607827
0.00263399533723607
-0.00949789730145234
0.00881174433599341
0.018233623182013
0.0168650655784131
0.0152310749385354
-0.003206718654301
-0.00546115069149167
0.000233459972855954
0.000674284615703513
-0.00611501221560218
9.96087288083203e-05
-0.00367982174716985
-0.0163863399928168
-0.00770560013439336
0.00866985394558917
-0.0062556443930557
-0.00464021682671145
-0.0105355184569174
-0.00303390605905207
0.0136776795226936
0.00148767010438533
0.0143411895334502
0.00748021089562023
0.0057532538631353
0.0011859718271765
-0.00331168202332321
0.00107230549094695
-0.00504876463876158
-0.00634148298530235
-0.00458434147111575
0.00690176279686128
-0.00226764669420554
-0.000348474459794801
0.0105810611038688
0.00437651204928358
-0.0061256394726712
-0.0150334738301314
0.00428968558809117
0.0176117378587204
0.0136430014807942
-0.00680431960124395
-0.00842612546862753
0.00548335564010571
-0.0144212876811753
-0.00736354521962923
-0.0109685982122141
-0.0183133258973598
0.0060107930944735
-0.00697039561852364
-0.0155280946428462
0.00665973510129447
-0.0251798135021506
-0.0122412417811884
0.0085419984390267
0.00716097595205234
-0.00348981778483726
0.0072199502089827
0.0027405669165681
-0.00508258814843465
0.00939073017770831
0
-0.00567455556799246
0.0100701350838843
-0.0169879012886387
-0.0142097645748009
-0.00114273488483185
-0.0168529646133138
-0.0147958197349869
0.0298714327335752
-0.00512472384430929
-0.0145211595481065
-0.00748541111411605
0.0208258973299724
-0.000151081821668342
0.000368599552487581
0.0271089808643392
-0.00805699571318996
0.00291208037625346
0.0229009948383805
0.000272899559496054
0.0215475192192898
-0.00259894561529528
0.00418018789737218
0.00557506555870724
0.00112586651377811
-0.00844608885938491
-0.00960467222819439
-0.00703604097988375
-0.0156122955119393
-0.0161238880775603
0.0327630288594776
-0.000798406675505348
-0.0172399076831962
-0.0132144569883064
-0.0213767245230496
0.0103240415615797
-0.0254066215576891
0.0137987506175037
0.00952576259744475
0.00489931068031524
-0.0107113293825361
-0.00411982542621558
-0.0348498913916337
0.0218211811679669
-0.0162235458145474
0.0351107992779482
-0.0022384230582162
-0.00851818837391427
0.0188836997422097
0.0135480115863515
-0.00724028048737857
-0.0169813423242644
-0.0229587109924854
-0.0216627941893552
0.00926780493648494
0.0138360018249681
-0.0362263490153492
-0.00771924244081923
0.00814163704044901
0
0
0.012204075931713
0.00684737868086671
0.00967891822274503
0
-0.0226033580486487
0.0228131715718227
-0.00911999452361734
0.000904470292127257
0.0015437030639287
0.00193018723346228
-0.0132737070416606
0.0227052102480858
0.00383165890658077
0.0050473099336017
-0.00306776966098887
0.0228783027445907
-0.00265179090976631
0.00237369808359666
0.00352230089381678
0.00707751690841718
-0.00234416761353273
0.00309956360035279
-0.00481126544502253
0.00829386525751197
-0.00172865503015984
0.00825158881182197
-0.0134018607588882
-0.00996494761582056
-0.00152718163716514
0.00975302563956681
-0.0171900082693774
0.00875474822810496
-0.0212801203182913
0.010387492553745
-0.00106379421805869
-0.0119745559449687
0.0171062822399328
-0.023393103992813
0.00510400001412137
-0.0031941146550114
-0.0161852846771637
-0.0110883618090902
-0.0328119108158216
0.01854687834396
0.00506224110894848
-0.00196963226414937
-0.0137632102761849
0.00580344232876051
0.00927006977792288
0.0108285246483941
0.00342820259974985
-0.00613712585056447
-0.0100454038734838
-0.0257724259920895
-0.0139275442754219
-0.0287183608014292
0.0164038984500028
-0.0267486896733953
-0.0135538400218476
0.0218323363291972
-0.0280738344029814
-0.0425255104003757
0.0286591354627994
0.0323494890968021
0.0362211461058184
-0.0205336870678554
0.0105636531134774
-0.00842928320846426
-0.011939013547952
-0.0366482535142296
0.007927496337512
0.0309021159283009
-0.0129811048944202
0.014308743597871
0.0227169587138576
0.0062907919216606
0.00855657056904313
0
0
-0.0111779804630707
0.0379039230618066
0.00275861350193551
-0.00876374834365912
-0.0125606666395992
0.0120056796593868
-0.00153271009174993
0.00138411719274778
0.00838779116978827
0.0143526248432657
0
-0.00812131066969357
-0.0202672788938365
0.00803278918681372
-0.00255446313329166
-0.00227285088694806
-0.00735750476981423
0.0165575794383557
-0.00392648112984695
-0.0125090728841961
0.000939426820995237
0.0127771850277476
0.0041177602869098
0.0021131531371843
0.0101313590028198
0.00330978556939243
-0.00886449968625591
0.0101888564871437
-0.00885110881642071
-0.00108356655082886
-0.0156441138958705
-0.0130100383340359
0.0134886561341947
0.000311876708359193
0.00854599764604025
0.0103689614961322
-0.00799227709548944
-0.00132345581822335
0.000478520733443233
-0.00396277426584035
-0.0169519576268264
0.00867470884520571
-0.0132866329002699
-0.0194356740871502
-0.00783085105059556
0.00907264544233399
-0.00788065682602479
0.0085305056535514
0.00259349749141791
-0.00666157482556962
-0.00928168186981537
-0.00251522062864851
0.0234947744130096
0.0143990717360438
0.008402499164049
-0.00865672484188273
-0.00681216892134806
-0.00275158289647415
-0.0231165589473132
0.00132288230298805
-0.00916302412003311
-0.00249954511741102
0.015067409708557
0.00645295096042275
-0.0126043850811488
-0.00121363179637335
-0.0204395354801772
0.0175328031625561
-0.0113217381858135
0.00478895045376682
-0.0224313398362685
-0.0143164203753106
0.0165211973425592
0.0138402400997535
0.0064657432072952
0.0118421962322319
-0.0044389723739986
-0.00998069858341921
-0.00719180111120643
0.00176973932090441
0.00112535940319702
-0.0242819631691198
-0.0183759874518579
-0.0143966775947817
0.00372545956569148
0.012199362555732
-0.0118931992289557
-0.0172911560807769
-0.0264186701822524
-0.00274018742976168
0.0015886510746288
0.000785717611366366
0.00645967351101184
0.0250841509484498
0.00351492908183992
-0.018234330834531
-0.000712281611228605
-0.0272481844264547
0.00497944620383173
-0.0182980265403838
0.0221320986478659
-0.031207132976931
-0.0348119739682318
-0.0301291574844562
-0.0128799329687297
-0.0887467249461427
0.0143275616634515
0.0131080294716543
-0.0649988158679147
0.0284001062058117
-0.00941948265283621
-0.0371674451244708
-0.0591475660878533
-0.00590769004843139
0.0642855007987837
-0.00734861610057891
0.0212730924661564
0.0215423641607035
0.02912135513869
-0.0159523838823432
0.0150350964342092
0.0303105509268331
0.0248143183645588
-0.0133780667217778
0.00166094502741032
-0.00506938862536899
0.030989942521586
0.0225628834984111
-0.0199779964955287
-0.0167113674611326
0.01700320855897
0.00395630039410833
-0.0152836358421578
-0.0133894318667878
0.0231679556530455
0.018212470096671
0.0226154127188138
-0.0201992294931657
0.021951707080575
-0.0337373159031298
-0.0252872726125677
0.00332853584927051
0.0167481506493807
-0.0114585219769427
0.036798384750993
-0.0100309841851587
0.0319853860729609
0.0269768536652712
-0.0168628865025386
-0.0184375097221299
0.0259245793439806
0.0013251857906198
0.0106026579954026
0.0111849746394483
0.023901041527326
-0.0172978884315
-0.00179707625836656
0.00734660168986068
0.00514428155607405
-0.0071797048629243
-0.0107238421405462
-0.0287964786697561
0.00408647314573862
0.0108463796014533
-0.000294637893164307
0.00510876968301055
0.0484216984998938
0.00162141056440923
-0.0138030446573989
-0.0144039856746954
0.00423907254607414
-0.016434872382483
-0.0192475287134233
-0.0114689469447935
0.0317884807359299
-0.0056096383312827
-0.0109634360402495
-0.0101928226718613
0.0170543108509857
0
0
0
0.0193610319116999
0.00836222413936483
0
0
0.00150658724582797
0.0196228431057843
0.00914916354819795
-0.0163988908499277
0.000792847979985467
0.00985130413707935
-0.0114299782260883
-0.00347573850019778
-0.0280541296136203
-0.000750403870961591
-0.0154966550157827
0.0294952985891861
-0.00217831657672107
-0.0103003568665674
-0.00474917505420436
0.0229832572732409
0.00143417482609642
-0.00267452592691164
0.000463373620231522
-0.0145460092105214
-0.00637683777825515
0.0109077924466643
-0.00206768151419112
-0.0223348178849783
-0.00962186507872964
-0.0271729738338902
0.0120431411818984
-0.00549979372743614
0.0212877376239771
-0.0112410825431795
0.0102993436997636
0.00775451150533257
-0.0226048295759522
0.00188199382468923
-0.0223571212904758
0.00339260762793536
0.0146384546390479
-0.0219155505646071
0.0245529093008106
0.00700934816280885
0.0126741786058933
0.0157734311464441
0.0115090418586821
0.0287028139544052
-0.00327843791811233
0.0107648703160841
0.000788675642716896
0.0131695267422742
-0.00352890306796638
-0.0122188911902121
-0.00566824684760725
0.00586914368207303
0.0232713690914554
0.00460509812044307
0.00670612757531686
-0.0180752571656555
-0.00299065503888762
0.00325717682862248
-0.00912627748012618
0.013674140055139
-0.00793218165729037
0.00917431650889178
0
0
-0.0161017713451397
-0.00552068254353522
-0.00510403232412493
0.00106129259410892
-0.0153630213239762
-0.00194771755527334
0.0182284760661293
-0.0196394608829404
0.00515619909038101
0.0104564464752919
0.0188292768928946
-0.00475127108007278
-0.0105223043846507
0.00410906362790087
-0.0150755522203898
-0.0025736772182654
-0.00617452870856994
-0.0207025813704291
-0.010747219991682
0.00153071144010042
0.00659952799485275
0
-0.0153194757534738
-0.016611991448821
-0.000430176255989068
-0.00169382430470222
0.0315509455055238
-0.0124282870393433
-0.0192683875273794
0.0210788962114741
0.014684200104492
0.00460605845032802
-0.00492894166152347
-0.00218963857311749
-0.00745763465931404
-0.0028807263801589
-0.013148266325512
-0.0081641437243043
0.00401488273274708
0.0126585380855371
-0.00869630545778222
-0.00750586664515218
-0.0248546561173395
0.0117618205574352
-0.0147082228126401
-0.0260657787534893
-0.000319996543309387
0.00715594698822386
-0.0102162158341645
-0.00454811076791195
0.00366054990684894
-0.0210400597080742
-0.00891955318477322
-0.0379097570944857
0.0390187268948097
-0.0092604167232917
-0.0179850034748075
-0.0253812822562409
-0.00313278734364886
-0.0251675741523165
0.0181897843432104
-0.0250361786938615
0.0383801089670808
0.0284976800232961
-0.0036002631075096
-0.0399129910752958
-0.0138709462902717
0.028696336076024
0.0513539929600437
-0.00912014352548951
-0.0164709258819009
-0.0419548491686346
-0.0172642191230779
0.00298207341594647
-0.0542919810415636
0.0165372210322801
0.0285178862147983
0.00193566478983165
-0.0522775524389054
-0.0528784145156358
-0.0487382886000844
0.0326895340361606
-0.0313734994019317
0.0164917688938271
0.0755267552499319
0.0049517334002811
-0.0471912636619187
-0.0256467477636217
-0.0207209042923573
-0.0582352214056403
0.0684167875192401
-0.029316106174532
0.0598431803483539
0.021936009649222
-0.0307070977253776
0.0098440976446792
-0.025654736442819
0.0209003067872846
0.00515617235559951
0.0406790143341667
-0.0181857137328212
0.0261018291136441
0.00987310456640067
-0.0202442396842333
-0.0116710248718004
0.0176817726941447
-0.0447369460179612
-0.00596151709955528
0.0141013390503719
-0.0282796915397672
-0.0600659954169291
0.00788588224997433
-0.0209988823822087
0.0382978185942537
-0.016330317060353
0.0189118435421189
0.0254273252924087
-0.0464848136355229
-0.0178653314564148
-0.012643256409218
-0.00905550528541355
-0.0512144092568203
-0.0383094891060782
0.019186520194971
-0.0506732171317674
-0.0141826251654242
0.0306036348088687
0.0194219806888549
-0.034248654172595
-0.0527097546111879
0.0341515478102883
0.0212405494359942
-0.0395310040842718
-0.0357061911057786
-0.0175515141924576
-0.0171287565348832
-0.00927598189000989
0.0507736973975312
0.0697855256653659
-0.0278973608411377
0.0672166265513887
-0.0129896827437488
0.0529227783392834
-0.00277456606444026
0.0369243695386885
-0.0393612184131076
-0.0455567732751199
0.0244352031904658
0.00387596132540757
0.030775468505956
-0.0569035840698202
0.0298542283761343
0.0125304044039112
0.00389680154901306
0.0501498867093133
0.00700080412805804
-0.0157834065533589
-0.0443732256502418
-0.0245603193824842
-0.0121024289837948
0.0239766988470471
-0.0160008589862866
0.0390053298281483
0.00105640159350529
0.0082994242494081
-0.00355781982037229
0.00188787455290829
0.0281225476752773
0.00490529259900008
-0.00653766912878417
-0.0331603808363603
0.0472756846115487
0.00435969618058962
-0.0121059750483177
0.0178737155162132
-0.0299420778596478
0.0121978595481327
-0.0293383341877576
-0.00535115630008143
-0.0452676478086413
0.032863794647545
0.00881835495580852
-0.0266886271759859
-0.0112524494990591
0.0408279742362794
-0.0205893241641899
-0.0380660823339927
-0.0204816571323683
0.0209877007257564
-0.00776095751836259
0
0
0
-0.055088197302311
0.0183620707228611
0
0
0.070860474854153
-0.00390450287744848
0.0205793006714625
-0.0141883905276678
-0.0392367761459127
0.0148178372996028
-0.000115226147903158
0.0076484716851084
0.0123618112899138
-0.016044273041615
0.00154337452873499
-0.0453087994675396
-0.00869530302381527
-0.00797350566935773
-0.0237311579648392
0.00283909446608011
-0.0337884644545268
-0.0276128122072441
0.0103704298634275
0.0130944445554029
-0.00473673888313453
0.0198660975744227
0.00151277707028452
-0.0442080017564566
0.0346750271753802
-0.028609101472556
-0.0305331537024909
0.00649802594084381
0.0156954281751176
-0.021450348718373
-0.00623426876581679
0.0455895975915572
0.0128209980337477
0.0114405251406717
-0.0430614601646155
-0.0128033099188274
0.0219888900612748
-0.0297020811445563
-0.0339572062658755
-0.0143041926746568
0.025395145618913
0.0133710272461478
0.00102026810506395
-0.0192534478225985
-0.00120422894900063
-0.0245213916309064
-0.00240287474650991
-0.0431179861912101
-0.0102453456844191
-0.0454089092266052
0.0664457803099801
0.0205493305537239
0.0343283931014229
0.0384492116101836
0.0117735978251563
-0.00397313202372374
0.0414389606156726
-0.0633601134906128
0.0338466130891595
-0.021770876901992
0.0018282602925721
-0.0247657562648982
-0.0392267429075801
0.0108001361642467
0.0552413063933139
-0.00757491275034816
0.0322623446317021
0.0567128771346335
-0.0147580201540709
-0.0122468537477243
-0.0136251923723369
0.0135703282068533
0.0155445330920676
0.0204395003459634
-0.00333639950407338
0.0262397881996916
0
0
0.0208786680327373
0.00452879790651473
-0.0282254392789838
-0.0186362802639941
0.0399524833775846
-0.015337472830824
0.011307589291059
0
0.0148314808371133
0.00901483674788928
0.0177340465585321
-0.0201930587435371
-0.0405913436846754
0.0241373972205157
-0.00655940321090487
-0.00934127509961513
0.0055106565451597
0.0214194525910871
-0.000100360293536994
-0.047408085435741
-0.00413034169452953
-0.00412271284834187
0.0133371381405238
-0.014901718076259
0.00192882520059534
0.0158968460915831
0.0158604704980494
-0.00440421222526055
0.025800367823936
0.0270817775799301
-0.012391439347569
0.0174235270160654
-0.013157525537693
0.0284426085757516
-0.0105108148056132
0.0146207156097162
0.0119681921841455
0.0129174832383701
-0.015892184732051
0.0297820466410297
0.00671047155713289
0.00536217094225933
-0.0174138841717451
-0.00250690454736002
-0.0163698508824002
0.00966631665949969
-0.00577293940125578
0.01316781033883
-0.0051222838061129
-0.00126605077389819
-0.0232548530287282
0.0295876514222719
0.000271480930130963
-0.000712794694400998
0.0283808424757677
0.00347145090604251
-0.00660880265979991
-0.0159553888623254
0.0171826523094616
0.0206951743640236
-0.00335655905367105
0.000871192096834505
-0.0169570264153904
0.010759519033682
-0.0239607117013172
0.00943210402092198
-0.00412827514580094
0.0210628660116843
-0.00532703945965274
0.0179733415066963
0.00302371434121795
0.000265416391750151
0.0170109452776206
-0.0141396227304078
-0.00981276685432597
0.00965863547883394
-0.018403752759065
-0.0130511502071879
0.000105039967804643
0.00220030005643856
0.0125364481431429
0.00506740900900304
0.0157076259296627
-0.00254327250474518
0.0182132909713655
-0.0007701347831226
-0.000942082013676071
0.0181815471533984
-0.00461592044289283
-0.0138912795902701
-0.0128273057923156
0.00795558316706746
0.00274952687284191
-0.00231896624756089
0.0245597536570337
-0.00112629977641276
0.0222637686837555
0.00578445554947216
-0.0167559765345118
0.00933070097536515
-0.0130268442313977
-0.0161349235374892
0.00844069811155634
-0.0166196752213832
0.00234896618298386
0.0136817808706109
-0.00104409632010594
0.0142173437779842
-0.00926756666409645
-0.0348096330836629
-0.0131786060877186
-0.0308671258711382
0.00570731513748335
-0.000426995760586024
-0.000442222974823991
-0.020243360142949
0.0221822744476743
-0.0161027445322866
0.0425296035512996
-0.00412960312307575
-0.0145342753091295
0.0117167258292188
0.0251771637524776
-0.00306336216778291
0.0191570617930061
-7.34824462060857e-05
0.0091297085958626
0.00199767843388621
-0.017211206894606
0.012057805783666
0.00581282162716512
-0.0253115053230477
0.00187185038641502
-0.0128063357899961
0.018497630606463
0.0196598970332751
0.00791134798991422
0.00668223925790379
0.00447664766582889
0.023921178348882
-0.000745370522379218
-0.00643752868337621
0.0043561007898969
0.0129397307879238
-0.00964835877018011
-0.00437928980772639
0.00493969480839596
0.00459148017213984
0.00841206654519766
-0.0328886672648316
-0.00225043073826114
-0.00382315590078974
-0.00390929303558352
0.00115654746425697
0.0257056111508067
-0.00105217371910449
-0.00542027128316924
0.00858415803814694
0.000256309623427597
0.019889253051641
-0.00312956486114935
0.0172810263301439
-0.000227083882665013
-0.00856610102111866
-0.0092021459290148
0.0103598078935772
-0.00658921662541445
0.0098779803083211
0.000331650039703035
0.00396608410671462
-0.00245173830579937
-0.00477342726939156
0.00604009117571636
0.00708947147053074
-0.00552516015824622
0.00678641419636428
0
0
0
0.012571352644553
0.00314225783563948
0
0
0.0133624913084542
0.00432062650683385
-0.0001139835518007
-0.00772158506247678
0.0101940923764943
-0.00725664683754523
-0.00505986409199188
7.75763157392362e-05
0.0146535598166935
0.0033333528321613
0.0104861487073826
0.00685448829689506
-0.00812729649496369
0.00767307829813291
0.000439725058123841
0.00288723006172553
-0.00559145760688651
0.0013893093205386
0.00381911128005008
-0.0132260794462784
-0.00910199788873101
0.00319795603531503
-0.00346655762069403
-0.00720765733663953
-0.00337678546840614
0.00749403614920574
0.0132566443176465
0.00288193413162219
0.00275964105484583
-0.000123729198186595
-0.0157974600994564
0.00329990665502322
0.00622069228455935
-0.000126965524147593
0.0112155428407892
-0.016599528062212
-0.00113976082276501
-0.0191789385848757
0.000981624667517167
0.00311627548940763
0.00257912893700585
0.0089860240796078
0.0112597866153958
-0.00700929443745579
0.0151316399566266
-0.00184989737884855
0.0047992568057289
-0.0141958334828836
-0.0105383864409987
-0.0351624030110944
0.00266740819995626
-0.0270837430006008
0.00304200477472349
0.0192824882122888
-0.0179595776164678
-0.0021656749124972
-0.0238261067408931
-0.000109948310996089
-0.000737770812108351
0.0227789403071021
0.00272718510713332
0.0152970823796466
-0.001859376522928
-0.0044859946342477
0.0175162384011145
0.020864424459381
0.010178583942368
-0.00639047892947708
-0.00539634433784464
0.00308683425618206
0
0
0.0143206796197166
-0.014510057042008
-0.00203557841031277
0.00730728415992843
-0.00221117963787698
0.00891895798789477
-0.00865067566385491
0.00816300774126155
0.0108959188999691
0.0053977006784951
0.00200243894643037
-0.0166738823612533
-0.0140763843328635
-0.0059293754499592
0.00561502615041398
-0.00422585145772914
0.00782497113103631
-0.0284048972508018
-0.00354127799583459
-0.0289151357753656
0.017088745723072
-0.0193027834090778
0.0128113608719644
-0.00572364282679061
-0.0128960287888429
0.00924497643966937
0.0216728446388039
-0.00854304833508657
-0.00195016200173725
0.00935110610549472
-0.0103354519540506
0.0102527150160974
0.0117751991917192
-0.00271492800507822
0.00477753706794459
-0.0147017838893788
0.00622511681380367
0.00737186233883769
0.0113848020069067
0.0140056977913439
0.000283696416875756
-0.00528647022265005
0.00595557537547187
-0.00176202728448693
-0.0165540040085919
0.00974056176954008
0.00398972313366919
-0.00445129479333772
0.00358912128812605
-0.00262357612529307
-0.0153886108838073
0.0042446297864096
0.0155810072203426
0.0015709942884925
0.0138569775127095
9.3376647059884e-05
-0.00418593008099499
-0.00437946976751569
-0.00902444450704998
-0.000760522896122495
-0.0128077553517052
-0.00363153789512793
0.000991728052843754
-0.00254231925577209
-0.00799469064430269
0.00272921453163022
-0.00129185737817927
-0.0133360613103903
-0.000327565412021613
-0.00869620656007264
0.00652793149286701
0.0103382868869328
-0.0199081137390138
-0.000979156161500683
-0.0118519199436076
0.0162532140636777
-0.00180284488866533
0.0214302546122962
0.00152338606444147
-0.00848126842231167
0.00377518364962803
-0.0139151920817753
0.00138250616249458
-0.0268093555063604
-0.0100862669539126
0.00817981155006464
-0.0112791838440369
-0.00566989206042834
-0.0030444507505667
0.0141900803320478
0.00178802020399971
0.0055891849604901
-0.000942346458547405
-0.00279197556156419
0.0159073463514918
-0.000302261394772074
0.00473024263322408
0.0113894654232976
0.0049196685139048
-0.00320675226651801
-0.0140714750633482
0.00852582428450255
0.0041379892192932
0.00871124561727399
0.00531042943389792
0.000375484469385512
-0.0012555963158345
-0.00851676300557358
0.00899808972631178
0.0171651317457719
-0.00140740632719272
-0.00152100922916176
0.00554053078221806
0.00614208668584837
-0.00260866984078945
0.0033481025666795
-0.012269845122697
-0.00935020911182782
0.00118731430178443
-0.00923102845418633
0.00203696516315688
0.0097634522146901
-0.00702910515267874
0.0258791854848166
0.00954637405419412
0.00381837115546979
0.00023461511498013
-0.00155689749254506
-0.00690419548822518
0.000567632985754685
-0.0128604154635532
0.00240478251894771
-0.00898636627351301
-0.0046676934682921
-0.00177102306258092
0.0124276598532944
-0.0131354146521989
0.00552097506862381
0.000274487878508367
-0.0207285120687022
0.00203455705838707
0.0171400717068231
0.00774790847485818
0.000166670034124294
0.0131422242263675
0.00619364704659198
0.000364014113900524
0.000579177831204092
0.00547814067398633
0.0013255376946244
-0.000894975656899888
0.00583731297486345
0.0101412801592975
0.0030311257218063
-0.00217693669568142
-0.00414952434815419
0.0159485251062481
-0.00113129624399377
-0.0105346812457157
-0.00264200946283921
-0.00257607261254122
0.00289610054498368
0.00846046093456643
-0.00146248441508767
-0.00175636244517996
-0.005071943840111
0.0144443760953639
0.00722889265447257
-0.00178748028369746
-0.00356073009319147
0.00445130889761991
-0.00267887970597158
-0.0121987776702479
0.00579944351911443
0.010648448979655
0.00285425740544731
-0.00417052608105806
0.00473992884965924
-0.012224515883517
0.00697658962463876
0.000674108789654682
0.00636025073066726
0.00243497629994849
0
-0.00383175638321021
0.00622092942612973
-0.00329982883680735
0.00195911787143288
0
0.00829476385928096
-0.000240036449405068
-0.0075473468917977
0.00997767408692241
0.00358811804727743
-0.00209421246166208
-0.0115255940568169
-0.0116195916174942
0.000788508714450131
0.00478892501472927
0.00310219678902612
0.00122407391740964
-0.00121465224331985
-0.00593435697226319
-0.001595897010926
-0.00280669751088602
0.00760093940934503
-0.00469457199560175
0.000543263604143362
-0.00346867025060682
0.0125441239230319
0.00588649146334497
0.00381051452877657
-0.00342040098209928
0.0133723219620823
0.00621898409328736
0.00115361650929025
-0.00418131536442168
-0.00256234643067721
0.0104905879832398
-0.000319117415120473
0.003556953057398
-0.00758429320706888
0.00020827492365072
-0.00233928954273743
-0.00140712376637353
-0.00694518469009786
-0.00290715723978252
-0.00147882487092588
0.0102509527674428
0.000425329895723081
0.00758638462184003
0.00223537614231795
-0.00459923016343389
0.0114247462020849
0.00103258060534905
-0.00715957000616996
-0.00476511657342016
-0.00870401029248491
0.00524479339627248
0.00156053282263002
0.00465792350774485
-0.0180715064250681
0.00157912527032167
0.0026055480950653
-0.0071479070596645
0.00564695914568958
-0.000808067754951125
0.00609645339155485
0
0
0.00190673613830228
-0.00100466591816506
0.000287478915401707
0.005677416852782
-0.00737589001649042
0.00487592877792942
0.00379099013927053
0.00235838945170741
0.00253919273649572
-0.00104356494862401
-0.00546749215910225
0.00764886997284542
-0.000826545789777811
-0.0206105318505827
-0.0258516119897898
0.000573344720772084
-0.00620049390696487
0.00360235067643622
0.00697184868327305
0.00564818502745545
-0.00311294575448073
-0.010623670756635
-0.0026102186176491
0.00161187368540006
0.0093188098108179
0.00508173891232744
0.00442074589298613
0.00821129667140319
0.00268275083467273
-0.00433546678550201
-0.00966351681830524
-0.00164090962496743
0.00537880164790216
0.00202510970265735
-0.00316706519670085
-0.00244539965295409
0.0169842837329011
0.00824873243905166
5.96255059743811e-05
0.0105548317062389
-0.00234222736711232
-0.00161617484400267
0.0106638793321903
0.00182630766275871
0.00800439897100347
-0.00442901230203852
0.014807008550024
0.00110383328314967
-0.00481722921790251
-0.00291530183772792
0.0151714157666856
-0.00191158959046867
0.00119736331251197
0.00510447776496825
0.0028545599228007
-0.0016364015881134
-0.009468228118239
0.00689069353436622
0.00537867513922663
-0.00385359447145994
0.00462210052490519
0.00249032662234683
0.00170432220926564
-0.0132697760499418
-0.00938589775420873
0.00740868112662163
0.00572580983194726
0.000577977335387558
0.00669106681224463
0.00137222330330111
-0.0042830609549398
0.00256857071474847
-0.0186563640283577
0.0148532279389393
0.01412560536337
-0.00222188681219038
0.00575598508483921
0.00413257212398754
0.00289625230476709
0.00141426394396227
0.0107418122873906
0.0103683624764823
0.00199168367198155
0.00145446746727451
0.00119839677138245
0.000163118832432474
0.00244565451362
0.00762223051499333
-0.00122711949134136
0.000889811715243383
0.00855485626038544
-0.00197849291252794
-0.0100152105151299
-0.0096648191192461
0.00221002796614655
0.014695555692688
0.0163821018124537
-0.00736893072539146
-0.00335650171662039
-0.00304067206091219
-0.00785837424101032
-0.00253196612658257
-0.00415316048496628
0.0160802059685867
0.00238664564845514
-0.00485830258094744
-0.000364054595939578
-0.0122679077182895
-0.0149819033087812
0.0059274624260528
-0.00427324379227656
0.00789285502195547
0.00273969091917436
-0.00105983533924281
0.0147893993067854
0.0118221654546904
0.00398939103406981
0.000923765381209307
0.00263634952489511
-0.00319130795231715
-0.0178130967372407
0.00189339762364504
-0.00105733343862902
0.0162793916726471
-0.0121805709290719
0.00742849753200403
-0.0178169558260262
-0.00539067123472137
0.00689920828113522
0.0233960760223777
-0.00647932222882908
0.0165481847285793
-0.00547573292857706
0.00456023418537121
0.00749545044576472
0.0109491323375241
-0.0134413786083147
-0.010340451560845
-0.00189525485058617
0.00299484998372002
0.00192337395511366
-0.0101236805884213
-0.00638353168123196
0.00513620919515745
0.000656996584947223
-0.0063772064029326
-0.0206682220012535
0.00376304609867795
-0.00532845380632629
0.013016356967972
-0.00589683706042088
0.00569280914053216
-0.0195208756888565
0.00406782755950985
0.0212069608042622
-0.00132364036613808
0.0065361694944972
0.0112726375632075
-0.00315003698329264
0.00578077829644563
-0.00306388240116107
0.000508971379851175
0.000831760118083835
0.0148820810609731
0.000329955871396947
0.00356364754815353
-0.00572014899476514
0.00358701438905484
0.00465216299530802
0.0091528706972035
0.000794561452602593
0.00411926374120242
-0.00156008375199335
0.00121168355020806
-0.00340955660911746
0.00441208224930634
-0.00117003192447385
0.0139869105581472
0.00783773329870918
-0.00777887296761293
0.00643282550567648
-0.00645371103305159
0.00379021631551524
-0.000874264878449438
0.0036056709264507
0.00170946817247319
-0.00443898270100718
0.00171224828227245
0.0108626090177033
-0.000650233957648183
0.00119924025139717
0.0075564135436057
0.000194525317157357
0.00384013902210967
0
0.00474784786050364
0.000424164920209691
0.00209614655508972
-0.00926126816374406
0.00768452443556811
0.00196138518298028
0.0114601183228711
-0.00128440301530119
0.00358098067882118
0.000142683884096328
-0.00768689278442203
0.00692447178994726
0.00166862039868221
-0.0107100927424337
0.00573756339738551
-0.00992828069951379
-0.0118924333830943
0.00650815814056038
-0.0151804515554677
-5.60866126999571e-05
-0.00269961279818531
0.0172454115438097
0.0221984333819645
0.0175972916260569
0.00223038885469506
0.00249157985927795
0.0091889902302924
-0.0135250164519878
0.00133018260093465
0.00170612639518986
0.00108292117076125
-0.00114821611422045
0.0135443596429905
-0.00737608355942498
0.00957608253371411
0.00122745947824754
0.000168289270567001
0.00430688190519213
0.00107555387144664
-0.000264033694303833
0.00122294212994412
0.0104638658278304
-0.000713314262229758
0.00220144401946243
0.00752764895685232
-0.0203419306190664
0.012102028492567
-0.0142696475434132
-0.0107832891174748
0.00568167502611416
-0.00257192567995546
-0.011552232105112
0.0103213554296371
0.0126029435835751
0.00861748991537326
0.00268121367784246
0.00469015317643695
-0.000116986132189467
-0.00261626254797775
0.00346367857315855
0.0015353822215296
0.00345317912884369
0.00249170542960364
0.00436736500902235
-0.0102445912554501
-0.00366520813365767
0.00409135026865215
0.0116666883420145
-0.002360663855276
0.00899946294621223
-0.0016946481431237
0.00254918950141203
0.000363166316750707
-0.0130956427924183
0.00844411992122573
-0.0159390607465717
-0.00122272177486416
0.00293067278462189
0
0
-0.00270532219830599
0.0153293845881333
0.0115319797286464
0.00517683708331518
-0.00257273114115542
-4.77056463008552e-05
0.00464799555308026
-0.00646909078787239
-0.00957976729152321
0
0.00686502690342472
-0.0136987645803615
0.0117187149532878
0.0121736669762225
0.0024000789218217
0.002076830402439
-0.00364464352673544
-0.0104592224398381
-0.0231302601561616
-0.0100652238344203
-0.000872836646227171
-0.0346329672803662
0.00235891048256143
0.00109539758799926
-0.0224709326253461
0.0235651316302743
-0.0162017156950878
0.0210451313586475
0.0143202365022237
-0.00577648707862544
-0.0233085626106657
0.0124488032667784
0.00258410996000791
-0.00360696613755351
-0.0116465166220046
-0.02128451440357
0.00744476468554112
-0.0294057817145266
0.0148979096190018
-0.0126212236892815
-0.0193518388312217
0.00261367012566005
0.0216689546318367
-0.00855886234856662
0.011691043393725
0.00994809189076662
0.00178230149517411
0.0054381691045009
-0.000665271068253759
-0.00273623745444418
-0.010111460717523
-0.000417734674936554
0.0226126494638965
0.0180457947100692
0.0051562065799402
0.00285272486916099
-0.0182097991112897
0.0123381802087028
-0.00239423809934891
0.00429744860841552
-0.0159475433314533
0.00387067676203046
-0.0197998247984312
-0.019192315482135
-0.000970553199207913
-0.00371932245571216
0.0260508836695674
0.00117815714148684
-0.0172435782366307
0.0230383403451899
-0.00220570971377398
0.00311063444726756
0.0135153900755842
0.00815703247564592
-0.00411859664913727
-0.0151137182139944
0.0149113031374295
-0.0072062038656906
0.01460900077441
-0.0169805925025788
0.00447751752385095
0.00896372538027634
-0.0126790931074723
-0.000460062907061243
0.0112418004214234
0.0147882159272292
0.00623657081835205
0.00353241054385478
-0.00283077439594237
-0.00382196239384847
0.00406088781501523
-0.00739527001236162
0.00665080340203517
-0.000449011022077173
0.00746073819643023
-0.00136215936105799
0.0035016318948351
-0.00135753958309692
0.00289193128337217
0.00563029962875561
-0.00434975363174139
-0.0121415889786558
-0.00679052353937948
0.00372375522995227
0.000552023005775837
0.0129179311338294
0.00547880524678845
0.000211622476451012
0.00514975929656458
-0.001945348803849
-0.00896123639564728
0.013683185188059
0.00128394391447273
-0.0132897986920444
0.00311243885104417
0.00994251291817605
0.00486681674309253
-9.18283611710535e-05
0.0025297070477297
-0.000811410440736182
-0.00120750401606706
0.0089961308089741
0.00476998672873741
0.00173339626170232
-0.000233356505708215
0.00545972503831926
0.000284379710933536
0.00665000785315328
0.00217286342296497
0.0020808698615955
-0.01161484210723
0.0110068862752488
-0.000867299936244237
0.00410331877876047
0.00644239247665901
0.000738165172748495
0.00278123391059282
0.00307113654211655
-0.00345110183893382
-0.000694847692590983
0.00171308508092949
0.00365900086754856
-0.0109579586052835
0.00285932700617941
0.0142384562353719
0.00493358946786948
-0.00199823529541021
0.00148253796057674
-0.000143121704807569
0.00564013572164868
-0.00099365399757545
0.00678877369649378
0.00188443193863463
-0.00476999639583475
0.00621392798630183
0.00124838160306595
0.00243342224448106
-0.000135892854871145
-0.00982222045419512
-0.0179058814140376
-0.0026216543829598
0.0129882225784268
-0.00861838256317426
-0.0108460449127641
0.00863094803276887
0.0122467296823157
-0.000516389896825231
0.0068093146051833
0.00223979957254983
0.00651480225521084
0.00104282626156227
0.00686318088210847
0.00486639809636458
0.00551692580072682
0.00127710451391394
-0.00665211155754974
0.00508356231057405
-0.00196795564114716
-0.010832791187223
0
0
0.0161275735682729
0.000446270884753019
-0.00225457047078237
0
0.0126842614760427
0.00152402917525585
-0.00253185148850577
-0.0122571817259356
0.00219685740910869
0.00102556664734443
-0.00725445164716376
0.0182201019437773
0.00266866539264399
0.00395478344801603
-0.00221882582539124
-0.00225360269227792
-0.00180415422477687
0.0085660863803696
-0.00891145710787811
-0.00125390552585714
0.010343199163902
-0.00427534165975807
-0.00436095761054389
0.00531740511343237
0.00920813003672549
0.000129627747590177
0.00911563826254636
0.00502001485175008
-0.00170060405146977
0.000238549619451689
0.00578048865589764
-0.00563069694607954
0.00498701337604501
-0.00750299804069776
0.00521855752801059
0.0095031790813831
-0.000367821380891087
-0.000222770125866134
0.0043043206410367
-0.000596994002693307
-0.00592479633729681
0.00460929327583415
0.00269935458197601
0.00499424368885926
-0.0300356796564731
-0.0153987981176886
-0.0112612453592345
-0.00557555455537617
-0.0104660074877128
0.00920524079891116
0.00344364685354925
0.0143247732267966
0.000489957008257491
-0.000153364984395665
-0.013718890853502
-0.0269744293526184
0.0211422289164638
-0.000850718680677431
0.0138162435866018
0.0043195771525486
0.00175509929599826
0.021358286492049
0.00612097560840041
-0.0102332789855382
0.00431353849480232
-0.00606207382781676
0.011694777507735
0.00288835312148983
0.00290742362419039
0.0155037208172377
0.00401573686519541
0.00366873985454497
0
0
0.00935900367108822
-0.00193302898977521
-0.00138222630356921
0.00963015505111287
0.0173184911750965
0.00146661436566653
-0.00908887774728306
-0.00545403198581162
0.0136866246644693
-0.000942897544746302
-0.00894162718391911
0.00995806605688188
0.00596603286218489
-0.00120554238942461
0.00415906744045991
0
0.00633175787418061
0.00278049175226514
0.00534501337546267
0.00118730672849843
-0.0111559967240069
0.00453004791930312
-0.0081470729961115
0.00859507381669289
-0.00264141877059743
0.00611296554559537
-0.00321620925015687
0.00243646132913078
0.0143035090909986
0.00154595367317079
0.00524653169930822
0.00993690002147574
-0.00498923492033221
0.00541831186868258
0
0.00539168226241138
-0.0020674122458253
0.0150910231720562
0.0132080209347816
-0.00138556231388876
-0.00716633394661592
-0.0242544100657849
-0.0145213925229086
-0.00369647297017472
0.0151147576302506
-0.00361926403046198
0.000325541606439828
0.0216880191024398
0.022857706204201
0.00068215374008318
-0.00032359157052575
0.00706650976635181
-0.0156687644308793
-0.00189514670585389
-0.00239543093742611
-0.00887719375164941
-0.00757134844248952
0.0152814946852331
0.0107932150661689
-0.00614825344129244
0.0115486900313773
0.00304850682018731
-0.0109735704807647
0.00763187774630758
0.00360542655056051
-0.0140419894675929
-0.00834887881439883
0.0194201553708258
0.00487298285010063
0.00159521371041471
-0.00835986261053989
-0.0181528501785895
0.0122886162024241
-0.0146680507002941
0.00876922452754947
-0.0174494935992708
-0.0147415398090782
-0.0241553538678865
-0.00765746383744137
0.00062114344708597
0.0169985709257521
-0.0146382594799626
0.00802239901316071
-0.01315467405494
0.00118009814691611
0.00925390893611322
0.0122068237066433
-0.0202337254462766
-0.0149129098055329
0.0176915974384571
-0.00661237089877709
0.00280143307704428
-0.0238976252209948
0.0147759843372182
0.003955145959738
0.00232196368148685
0.0101480044061084
0.0015293985838003
-0.00062453270273366
-0.00283861072095171
-0.00747511396599698
0.00120246802864088
0.010797531489402
0.0155998864844999
0.0013619640027045
0.00952360267495855
-0.0174716066927605
0.00443006033608562
-0.0245842767722539
-0.00826222777656227
0.0111183117830613
0.00202131355033508
0.00839236957783562
-0.00508591457549734
-0.00238890348954435
0.012668335474066
0.0229201508051311
-0.00203410520783365
0.00764225665801987
-0.000835560795227508
-0.00237572553336385
0.00445755377833024
0.00634057434193913
0.000982482118825345
0.00771801476003553
0.00307135883353382
0.00107029966656924
-0.00129683187475571
0.00717246322380838
-0.00348135587316634
0.000760899101006629
0.000767833213753732
0.00588256818312338
0.000941838146879093
-0.00896779611175624
-0.000857388056997976
0.00285552346176843
-0.00804816874152792
-0.00471734800674461
-0.0113758046364971
0.00611983316519371
-0.00176495970011281
0.0131310019235027
0.00210684007331707
0.00758204102951865
-0.00396932895665536
0.00516092751775332
-0.0174053942180556
-0.00398720454182744
-0.00535734727771597
0.00251235522055637
-0.00352855491370008
0.00254176276426499
-0.000904562343734483
-0.000711942480537076
-0.00375760817892967
0.000713336923839236
-0.0150266838025175
-0.00716921199702547
-0.0132623571576662
0.0156307252789372
-0.0147724640633697
0.00579291989278552
0.00617757085187165
-0.0054822386705613
-0.00476995296635074
0.0252140363431526
0.00536258011718971
0.0134732088727088
-0.00423485046352035
-0.00362005227176887
0.0172446193362674
-0.000527530094982964
0.00671369636809693
0.00490285450684524
-0.00298452235463031
0.00829321021077689
-0.0184716610007278
0.00252571989701522
-0.0155856532001817
0.00322782999002058
-0.00171085567921025
0.00405819545383146
0.0168201013557354
0
0
0
0.00447970267767062
0.00356639427505101
0
